308.78174886129204 0.0017630064316595314 326001429.0371548 2224962.2450835393 -533453.4302118134 2400914.615593477
308.28191108113504 0.002180451142913391 311873750.7668002 2373673.3976235525 -158548.86384913092 2306807.3785066605
307.78754015669045 0.0020961479150962926 313502963.0750826 2250184.5871531595 1276430.1772126397 2405029.61410694
307.31133450843856 0.002030584190266183 312505974.0798395 2256518.697739027 486417.2093172009 2322654.0188954184
306.86101546450413 0.002345939724260979 311126872.5782873 2481027.2975920257 -1851685.77541657 2322036.770952254
306.36149083671967 0.0023691653627759286 312173239.8937882 2370927.2870435566 -308878.0032541559 2371104.38394305
305.91237487456317 0.002151305765831941 312189422.1013802 2238771.8082332765 -190594.95658820297 2395633.094844891
305.44225742790485 0.0019655471184565855 313514453.42948854 2345776.7572059836 -976070.2251904298 2312434.6881401944
304.9878247633341 0.002022851258258731 314510347.287363 2217199.435371095 382886.34958074416 2360992.430583082
304.53931609837326 0.0020464602711701 315083247.52369994 2303226.5986175835 -103062.4598106248 2285937.5529198577
304.0722737639231 0.001937591380698556 311558054.2047605 2214507.7341036703 -1581661.2376090004 2433651.085827494
303.6389628229119 0.0021153737172566484 313124581.5122817 2275546.4584407248 4777684.092885984 2211984.2827830506
303.1583412578683 0.002051955498245147 312795990.2453228 2396419.4409719817 -1235155.6051108986 2325199.1095182216
302.7170542217457 0.0021785814747090244 312410028.2697812 2268242.587409257 -198400.82613119527 2196968.457341848
302.29142355431895 0.0021115016266023048 310625843.9622953 2115583.331762454 -275508.80241151375 2335225.451261776
301.8397369898868 0.002143186117269587 311358223.67471844 2404564.570881944 1390103.1031651518 2392756.7394314166
301.38711871760785 0.0029270267590386584 311751462.46338165 2237401.2372478712 -1962660.2129699779 2238035.818977822
300.939211883245 0.00250131812528298 315197883.3627262 2424662.836095298 944679.4751979349 2277923.4669981664
300.48646920339434 0.0022868061347906705 315654454.71052265 2436652.235442783 2092653.2457330895 2157438.238554782
300.05373961626515 0.0020974529593485282 317353280.9424917 2159129.733299008 1988143.0721551978 2178510.0988973435
299.62340206204334 0.0024228965126900977 315552714.4989836 2304579.445682646 829872.1710613107 2200605.7217465686
299.1794388676219 0.0026957906152430067 315536292.86686075 2215049.480878138 310421.09361001325 2281843.9414807246
298.77263042999846 0.0021507182552205958 317601916.2009052 2255532.7314354344 -699596.125979457 2191851.766592564
298.32525943586404 0.002381251841216332 317117627.6310896 2223687.5871432144 1389424.5067977922 2270790.1528071496
297.8878527647239 0.0018338327681154496 318698118.4318607 2240803.614016191 80329.54478280783 2284380.848061478
297.4719148840171 0.0019249871876784095 319533643.2887492 2143770.680853946 2282357.2917208076 2248555.4773199875
297.03273224896355 0.0020742845489975055 318723909.73079664 2206600.301949994 -206783.87489832094 2193093.3024239554
296.5836344444011 0.0021905492873229627 318499431.05792165 2315263.381371193 -538944.7310546542 2244731.9297745386
296.1438863356593 0.0020910468284856968 318141328.0779144 2246682.4937059972 -696074.9694590914 2174175.8569222605
295.66093296911384 0.0021003785185592953 319375739.90853983 2291718.6384962895 417579.7587832011 2330642.8543062755
295.2441185406806 0.0021602425387658355 317816669.33994114 2105240.4047019836 -2449060.1864353125 2181680.9059285484
294.80445582939785 0.002096118491385168 319321827.78856015 2209399.3176522283 2388670.3756036344 2163447.6180669023
294.3692326835511 0.0017541807409396314 316651223.6050517 2073982.6975550973 -2804907.5294566085 2251734.5955457166
293.9181831559604 0.002020531478205918 316733606.0712755 2246316.8615811463 1792820.131987963 2328251.5942259356
293.4391044425018 0.0025996914004404233 316552630.33798105 2324325.575406438 1038427.7109958336 2410056.0496929097
292.95763582775635 0.0026935048798955572 315617211.6216369 2253569.1759648276 4947962.636915367 2324079.0896528983
292.50718434310073 0.0020549726245120276 315115790.8094387 2390664.0621873285 -1612412.0990620444 2324300.982679688
292.0124339638968 0.0026015138087791883 315865061.1082228 2324382.6832211693 799814.7854902517 2212957.619843745
291.52661739986473 0.002256685697208288 312452598.0436479 2383015.395487734 50058.97475175602 2272546.2902137125
291.062305376904 0.002171531019904366 330957467.1501602 2182894.569261497 1373516.5236762508 2262646.0351478616
